2
210
5418
1
42
1
1479
2
739
3315
2
1928
9502
1
985
1
1347
2
478
3239
1
2002
2
788
3422
2
353
1852
2
1683
8511
2
325
4429
2
1295
2830
1
1428
2
881
6425
2
1012
7162
1
767
1
199
2
1065
7044
1
1391
2
867
8284
1
1038
2
1277
4868
1
1945
2
1697
7696
1
1192
2
483
8032
1
630
2
1346
6761
1
1323
1
285
1
1114
1
266
2
291
548
2
1088
8851
1
1199
2
2037
7657
2
1752
9712
1
280
2
1142
5734
2
1755
5905
1
205
2
962
9338
1
627
1
1080
2
657
7208
1
699
1
1679
2
326
2352
1
1628
1
1040
1
949
1
1668
2
1430
9987
2
1775
5269
1
659
2
815
6108
2
239
7263
1
836
2
760
398
2
1268
4511
1
420
1
1821
1
1889
1
1688
1
683
2
1462
350
1
601
2
519
2622
2
85
7116
2
962
9865
2
1448
2380
2
892
8206
2
1034
3975
1
695
1
900
1
13
1
1187
2
1832
659
1
839
1
843
1
679
1
518
2
1174
9690
2
1387
5072
1
908
1
559
1
203
2
1555
3555
2
227
5240
2
742
2636
2
1307
445
2
883
3021
1
1282
2
257
2712
2
580
4936
1
797
2
1726
9142
2
1931
6273
1
539
1
663
1
495
1
1033
2
1090
4276
2
1601
7202
1
1361
1
930
2
1801
4013
1
1740
1
579
1
1945
2
203
3068
1
1056
1
1911
1
862
2
891
7029
2
507
2823
2
1757
9384
2
718
5885
2
181
2903
2
395
5814
2
1435
2120
1
498
2
1992
7917
1
726
2
1066
7345
1
1910
1
1048
1
116
1
532
1
1943
2
669
1082
2
1998
5151
1
1102
1
1020
1
259
2
232
1488
2
1883
9316
2
1295
7620
1
1147
1
804
2
547
14
2
575
3595
1
775
2
1874
1859
2
1356
4721
2
341
5513
2
905
1522
2
797
2670
1
1533
1
2018
2
1047
8707
2
1798
1132
2
1520
5517
2
1537
8875
2
1211
8789
1
304
1
785
1
2025
1
1204
1
739
2
680
5058
2
586
3650
1
1018
2
946
176
2
1618
6211
1
1441
1
1778
2
768
7129
1
1197
1
1003
2
1113
5023
2
384
8067
2
907
8256
2
1685
8397
2
813
995
2
1260
3966
2
662
1054
2
130
5653
1
1650
2
1313
9134
1
422
2
256
6184
1
1283
2
1852
4619
2
1490
8558
1
1076
1
1150
2
160
8051
2
576
1953
2
566
6146
1
619
1
1097
1
1649
1
1050
1
1570
1
380
2
1032
7860
1
1555
1
281
1
125
2
69
5983
1
1890
2
699
8518
2
922
3332
2
1197
8315
1
1155
2
1076
6797
1
496
2
1147
6835
2
301
7850
1
150
2
16
964
2
1620
3447
1
65
2
359
2653
2
1732
2214
2
1102
446
2
203
3245
2
1352
4989
2
2000
5839
1
928
1
1298
1
1724
2
1849
9735
2
1275
7614
2
482
5534
1
51
1
1785
1
1366
2
270
9984
1
1559
2
1741
9981
1
1672
1
1210
2
1791
6266
1
1864
1
1634
1
1984
1
1755
2
986
6756
2
1701
3120
1
1777
2
271
2843
2
1406
9026
2
551
2928
2
1542
6945
1
1227
2
135
8506
1
79
2
1359
6393
2
1803
541
2
990
2974
1
497
2
423
6441
1
1832
2
395
9492
2
1145
4170
1
652
2
225
3982
2
799
1406
2
898
1100
1
848
2
486
6331
2
417
6794
2
889
3822
2
603
4088
2
1629
1935
2
817
5107
2
1096
6245
2
561
3996
1
2022
2
1920
2750
1
250
2
895
2195
2
1004
9312
2
1776
3064
1
41
1
1476
2
1154
8510
2
193
8365
1
1097
1
729
1
544
2
339
496
2
1836
9572
1
115
2
384
5872
1
238
2
1051
4699
1
1886
2
1071
2582
2
987
8284
2
343
4144
2
1323
6851
1
12
1
1173
1
1993
1
111
1
1664
1
1876
1
100
2
929
8656
1
1215
1
888
2
2006
5602
1
941
1
1532
2
416
2140
2
1701
648
2
187
4313
2
1424
7615
1
357
2
843
4066
1
805
2
1596
3562
1
1655
2
704
7590
2
772
9588
1
477
2
9
1839
2
351
9137
2
1306
9887
1
1216
2
1366
1644
2
1166
8997
1
370
1
253
1
1068
1
1334
2
1794
537
1
1634
1
2011
1
3
1
1159
2
1460
6785
1
666
2
378
7366
2
1057
354
2
303
1996
1
2018
2
671
7757
1
1432
2
641
7866
1
1762
1
1379
2
1014
3030
2
1282
2150
2
1483
2885
2
415
4956
2
1556
7290
2
1156
1768
2
483
5410
2
61
941
2
524
8160
1
784
1
573
1
899
2
1469
4762
2
1138
5455
2
457
3643
1
733
2
1553
6251
1
1527
1
1506
1
872
1
780
1
4
2
52
2341
2
555
6254
2
942
6600
2
1522
3887
1
704
2
567
877
2
1293
7438
1
517
2
585
665
2
1514
920
2
56
2131
1
1060
1
1205
2
199
2001
2
1463
854
2
2045
8152
1
171
2
1727
4108
1
432
1
1020
1
411
2
1120
6679
1
923
1
1211
1
465
2
1773
2532
2
413
6186
1
1704
1
300
2
911
8195
2
863
2771
1
320
1
316
2
1261
528
1
1349
1
274
1
99
1
1049
2
1275
6696
2
1123
7042
2
1358
8279
1
885
1
676
1
1692
2
1974
8979
2
1797
6206
1
1625
1
1360
2
1845
3773
1
989
2
1008
2509
1
1604
2
2018
7813
1
976
1
20
1
1111
2
1464
616
1
993
1
1546
2
854
4548
2
1889
5364
2
175
1561
1
1869
2
823
9850
1
745
1
865
1
1492
2
654
1045
1
397
2
1646
5076
2
1261
1661
2
1906
9168
2
37
7792
1
1640
1
1405
2
1966
4753
1
439
1
1553
1
1436
2
1919
640
2
1212
5552
2
1186
3687
1
1992
2
1373
5766
1
255
1
247
1
466
1
1667
2
1031
6651
2
881
4994
1
1992
2
734
3732
1
249
1
1742
2
789
5770
2
1079
9219
1
1067
1
885
2
1085
8029
1
673
2
2016
3018
2
748
3234
2
120
3520
2
1343
1922
1
2010
1
1345
2
310
2522
2
464
8573
2
290
5867
1
528
2
17
6996
2
466
1308
2
1959
214
2
989
9442
2
1632
8837
1
1943
2
1557
7854
2
1670
3301
1
1001
1
1645
2
1271
7289
1
2003
1
1019
2
1590
2661
2
1266
7877
2
881
1997
2
240
4058
2
368
3965
2
1169
1364
1
1478
2
2027
3474
1
874
2
168
7152
2
1099
3617
1
936
2
417
8999
2
1592
4434
2
204
3303
2
2012
4590
2
1273
8852
1
1367
1
265
2
833
9683
2
884
2414
2
492
6337
1
1123
1
2
2
477
3186
2
242
9805
1
238
2
650
9666
2
843
5386
2
439
30
1
1563
2
731
6494
2
738
9230
2
892
4181
2
1342
5197
2
373
8541
2
1210
6722
2
1231
6921
2
64
3415
1
289
2
1323
4384
2
1801
648
1
1319
1
159
2
1749
7507
2
1448
8235
1
563
1
434
2
1415
487
1
1477
1
1636
1
1099
1
34
2
648
4701
2
246
5180
2
1852
1264
2
248
7867
1
1364
2
910
8783
1
261
1
645
2
1789
1703
2
733
8916
1
1517
1
1223
1
1115
2
301
2255
2
296
2068
2
1305
2159
1
389
2
339
5732
2
1429
6966
2
567
806
1
903
1
1740
1
314
2
163
6990
2
1197
972
1
198
2
290
3848
1
725
2
1718
3683
1
762
2
893
6925
1
1385
2
2033
9926
1
672
1
1976
1
1141
2
395
6665
2
1131
3235
1
1540
1
688
1
2037
1
613
2
410
4578
2
1560
2683
1
455
2
1482
8523
1
676
2
1817
8245
1
1626
1
297
2
1020
6836
1
643
2
913
1019
1
1299
1
1870
1
94
1
820
1
418
2
1894
6096
1
611
1
464
2
1227
2254
2
1542
4299
1
1585
2
1296
8956
1
605
2
1404
255
2
555
4096
2
908
2295
1
1381
1
1378
1
630
1
1216
1
739
1
1979
1
703
1
854
2
903
838
2
1621
4404
1
562
2
100
7944
2
1044
7275
1
508
2
941
6355
2
928
8805
2
1786
7356
1
27
1
470
1
242
1
1452
1
1455
1
1093
2
1425
4734
2
1692
5866
2
1836
8609
1
1459
2
1042
9828
1
1801
1
1322
2
1971
5524
2
1457
162
2
906
241
2
315
3436
2
1169
6894
1
611
2
394
978
2
1418
8112
1
1844
2
1361
5822
2
558
6384
2
200
4717
1
1057
1
245
1
1586
2
434
92
2
1675
5456
2
757
2160
2
1333
9676
2
1842
2237
1
827
1
662
1
2034
2
201
2200
1
1925
2
1936
1548
2
847
9006
2
1509
8944
2
231
7686
1
1215
1
442
1
1551
1
1805
2
275
116
1
1661
1
1616
1
164
2
1512
1405
1
350
1
754
1
1087
1
837
2
1428
8220
1
1744
1
1830
1
1200
2
1873
6540
2
269
3740
2
1322
3768
2
230
2674
2
309
1515
1
1515
2
2045
4347
1
306
2
349
3698
2
1183
3674
2
54
3957
1
247
2
839
141
1
413
2
925
1880
2
110
3227
1
1693
2
1625
3567
1
340
1
1403
2
1076
5290
1
462
1
772
1
1816
2
1807
4378
1
618
2
130
8867
2
1188
5978
2
1725
7639
2
553
5631
1
659
1
919
1
697
2
1664
6261
1
238
1
499
1
850
2
347
9503
1
1241
2
1512
9603
1
1481
2
1053
3143
1
1069
1
1402
2
613
3770
2
1868
5930
1
256
1
433
2
1119
9525
2
1766
5269
2
1623
8145
1
1535
1
1963
2
1930
9599
2
274
3879
2
20
428
2
1992
8030
1
1692
1
716
2
770
5117
2
973
491
1
1758
2
644
9528
1
963
2
1014
5169
1
50
2
1803
9901
2
1087
6410
1
908
2
1299
3336
2
1869
5210
1
140
2
458
6618
1
1401
2
1635
2792
2
757
7703
1
29
1
1252
2
2042
5152
1
602
1
1248
2
560
1430
1
1001
1
147
2
1216
3977
2
368
1090
1
452
1
878
1
1611
1
996
1
1353
2
218
3063
1
1989
1
350
1
937
2
685
6804
2
1491
9374
1
2047
2
699
426
2
1691
679
1
1640
2
1831
9966
2
1314
4955
1
972
1
1305
2
228
2715
2
2015
4245
1
1552
1
556
1
1232
1
758
1
396
1
663
2
1732
7956
2
1031
3996
2
668
7700
1
107
1
1289
1
622
2
1283
433
2
1133
925
2
804
576
1
42
2
1859
4778
1
2021
2
245
3280
1
1046
2
1008
8120
1
1542
1
477
1
1784
2
1414
5801
2
243
6743
1
1297
2
23
6391
1
1635
2
478
8517
2
1031
2075
2
210
3048
1
846
2
782
867
2
1215
3244
2
426
727
1
771
1
1802
2
933
8293
2
1381
166
1
658
1
379
1
609
1
114
2
1370
873
1
1195
1
1005
2
1859
2972
2
642
8503
1
619
1
1461
2
1683
6444
2
1879
8841
2
1545
5611
2
1970
4381
2
1973
4284
2
697
5887
2
1066
1943
2
860
6310
2
1833
3183
2
980
7248
1
994
2
274
7570
2
456
2368
2
248
7876
2
1840
5968
2
787
5393
1
1353
1
2005
2
423
3010
2
465
3045
2
208
3967
2
1906
5968
2
1554
5943
2
1471
3624
2
1440
7037
1
1236
2
395
198
2
406
354
1
793
1
1576
2
798
4247
1
1076
2
1771
8775
1
1858
1
1089
2
1356
7931
1
639
1
458
2
196
9221
1
7
2
1287
5018
2
916
4800
1
473
1
1876
2
1697
4807
2
797
1052
1
1357
1
486
2
967
1946
2
1367
8363
2
1014
927
2
1135
3929
1
1439
1
1059
1
684
2
392
1677
1
1026
2
199
5
2
2032
7258
1
920
2
2045
6374
1
1585
1
1993
2
48
5496
2
708
5459
2
556
1186
2
787
5785
1
1236
1
846
1
1010
1
610
2
961
7398
2
24
3056
1
1476
2
1078
7558
2
311
9573
1
1686
2
70
356
2
966
8151
1
85
2
1183
3029
2
998
1115
1
1005
1
176
1
1818
2
264
3914
2
852
7998
2
22
7112
2
1916
9806
1
458
2
218
1767
2
1612
7069
2
697
7117
1
919
2
1338
7704
1
557
2
1201
2379
2
674
8167
1
1293
1
1298
1
1210
1
558
2
888
2827
1
1475
1
1338
2
932
2931
1
1566
1
665
2
6
4286
1
1918
2
1396
1224
2
606
9816
2
1498
8176
1
872
1
1313
1
1076
2
1424
2167
2
962
5920
2
907
4007
2
1114
9853
1
1210
1
574
1
199
2
40
9580
1
329
1
1665
2
1368
4605
1
232
1
426
1
1437
2
840
5416
1
1436
1
1298
1
1521
2
761
284
1
1532
1
1713
1
1859
2
2028
3997
1
1265
1
821
1
1211
1
1247
1
1043
2
746
90
2
163
678
2
1927
6769
2
1040
5255
2
1482
1249
2
179
4046
1
1140
2
2009
5054
2
825
5409
4